gausslq comp False
        x         y      photons   lpx  sx
48.400002 16.000000 433892.09375 0.003 1.5
16.700001 16.299999 433886.34375 0.003 1.5
48.799999 48.250000 433869.40625 0.003 1.5
16.200001 48.599998 433899.31250 0.003 1.5
gausslq comp True
        x         y      photons   lpx  sx
45.400002 13.000000 433892.09375 0.003 1.5
13.700000 13.300000 433886.34375 0.003 1.5
45.799999 45.250000 433869.40625 0.003 1.5
13.200000 45.599998 433899.31250 0.003 1.5
gaussmle comp False
        x         y      photons   lpx    sx
48.401001 16.000000 429544.68750 0.003 1.462
16.698999 16.301001 429530.90625 0.003 1.463
48.799999 48.250999 429141.28125 0.003 1.462
16.200001 48.598999 429707.25000 0.003 1.463
gaussmle comp True
        x         y      photons   lpx    sx
45.401001 13.000000 429544.68750 0.003 1.462
13.699000 13.301000 429530.90625 0.003 1.463
45.799999 45.250999 429141.28125 0.003 1.462
13.200000 45.598999 429707.25000 0.003 1.463
trackpy
     x      y
48.379 16.000
16.716 16.284
48.811 48.234
16.189 48.623
truth (x,y): [(16.7, 16.3), (48.4, 16.0), (16.2, 48.6), (48.8, 48.25)]
done
