# time, mean londa
3.043333333333333002e+00 5.462744444444444980e+02
5.112222222222222001e+00 5.459088888888888960e+02
7.129999999999999005e+00 5.456922222222223127e+02
9.141111111111110077e+00 5.455733333333332666e+02
1.114999999999999858e+01 5.462644444444445071e+02
1.318111111111111278e+01 5.463600000000000136e+02
1.518333333333333357e+01 5.466277777777778510e+02
1.718777777777777871e+01 5.475333333333333030e+02
1.920444444444444088e+01 5.483611111111110858e+02
2.122000000000000242e+01 5.497066666666667061e+02
2.322222222222222143e+01 5.508700000000000045e+02
2.524222222222222456e+01 5.525599999999999454e+02
2.725333333333333385e+01 5.544555555555555202e+02
2.927333333333333698e+01 5.558988888888889051e+02
3.128222222222221660e+01 5.579766666666666879e+02
3.330444444444444230e+01 5.597099999999999227e+02
3.530777777777777260e+01 5.617988888888888823e+02
3.731555555555554804e+01 5.636077777777777555e+02
3.932888888888889056e+01 5.656522222222223490e+02
4.134666666666666401e+01 5.672999999999999545e+02
4.335333333333333172e+01 5.690644444444444616e+02
4.535777777777778397e+01 5.707122222222221808e+02
4.737888888888888772e+01 5.721011111111110949e+02
4.939444444444444571e+01 5.735666666666667197e+02
5.139666666666666117e+01 5.749111111111111541e+02
5.340444444444444372e+01 5.760733333333332666e+02
5.542333333333333201e+01 5.771944444444443434e+02
5.743888888888889710e+01 5.783888888888889142e+02
5.946000000000000796e+01 5.796388888888888005e+02
6.146666666666666856e+01 5.805966666666665787e+02
6.348888888888890136e+01 5.817255555555555020e+02
6.549000000000000909e+01 5.826633333333334122e+02
6.749555555555555486e+01 5.834611111111111086e+02
6.951888888888889539e+01 5.843211111111111222e+02
7.152555555555555600e+01 5.852800000000000864e+02
7.353777777777776237e+01 5.859800000000000182e+02
7.555111111111109778e+01 5.866044444444444252e+02
7.756555555555554804e+01 5.875522222222222126e+02
7.957888888888889767e+01 5.881344444444443980e+02
8.160111111111112336e+01 5.888755555555555929e+02
8.360333333333333883e+01 5.895011111111111859e+02
8.560444444444445367e+01 5.903422222222221762e+02
8.761888888888887550e+01 5.911044444444445389e+02
8.964000000000000057e+01 5.915655555555556475e+02
9.164555555555556055e+01 5.920522222222222126e+02
9.365444444444443661e+01 5.925144444444445071e+02
9.567444444444443263e+01 5.933444444444445480e+02
9.768333333333333712e+01 5.938388888888888459e+02
9.970111111111113189e+01 5.945711111111111222e+02
1.017077777777777925e+02 5.949599999999999227e+02
1.037199999999999989e+02 5.954433333333333849e+02
1.057355555555555640e+02 5.960911111111112177e+02
1.077400000000000091e+02 5.962322222222222763e+02
1.097722222222222115e+02 5.967244444444445435e+02
1.117700000000000102e+02 5.971766666666667334e+02
1.137822222222222166e+02 5.973700000000001182e+02
1.158044444444444423e+02 5.980388888888887777e+02
1.178144444444444616e+02 5.983622222222221581e+02
1.198166666666666629e+02 5.986644444444443707e+02
1.218288888888889119e+02 5.990077777777778465e+02
1.238466666666666782e+02 5.999555555555555202e+02
1.258677777777777749e+02 6.001811111111111359e+02
1.278744444444444355e+02 6.008277777777777828e+02
1.298911111111111154e+02 6.014733333333332439e+02
1.319022222222222069e+02 6.025288888888889005e+02
1.339066666666666379e+02 6.024522222222221899e+02
1.359211111111111450e+02 6.027344444444445344e+02
1.379255555555556043e+02 6.025288888888889005e+02
1.399355555555555668e+02 6.028400000000000318e+02
1.419511111111111177e+02 6.028733333333333348e+02
1.439522222222222467e+02 6.031111111111110858e+02
1.459755555555555588e+02 6.032944444444443661e+02
1.479888888888889085e+02 6.034222222222221035e+02
1.500122222222222490e+02 6.031744444444443616e+02
1.520077777777777612e+02 6.035300000000000864e+02
1.540322222222222308e+02 6.037977777777776964e+02
1.560411111111110927e+02 6.039611111111111086e+02
1.580588888888888732e+02 6.043911111111111722e+02
1.600833333333333428e+02 6.049522222222221899e+02
1.620855555555555441e+02 6.052300000000000182e+02
1.640866666666666731e+02 6.051122222222222717e+02
1.661099999999999852e+02 6.049844444444444207e+02
1.681200000000000330e+02 6.056833333333332803e+02
1.701400000000000148e+02 6.057155555555555111e+02
1.721488888888889051e+02 6.060277777777778283e+02
1.741433333333333167e+02 6.061566666666666379e+02
1.761744444444444753e+02 6.060911111111112177e+02
1.781888888888888971e+02 6.068877777777777283e+02
1.801977777777777874e+02 6.071144444444444161e+02
1.821922222222222274e+02 6.068455555555555065e+02
1.842100000000000080e+02 6.070633333333332757e+02
1.862377777777777794e+02 6.076855555555555384e+02
1.882455555555555691e+02 6.080722222222221944e+02
1.902577777777777897e+02 6.078899999999998727e+02
1.922599999999999909e+02 6.087955555555555520e+02
1.942811111111111018e+02 6.090733333333333803e+02
1.962866666666666617e+02 6.096888888888887550e+02
1.982955555555555520e+02 6.097322222222222763e+02
2.003277777777777544e+02 6.101399999999999864e+02
