# time, mean londa
3.036000000000000476e+00 5.505580000000001064e+02
5.100999999999999979e+00 5.503840000000000146e+02
7.109999999999999432e+00 5.504320000000000164e+02
9.119999999999999218e+00 5.504700000000000273e+02
1.113400000000000034e+01 5.506059999999999945e+02
1.315700000000000180e+01 5.510589999999999691e+02
1.517100000000000115e+01 5.516150000000000091e+02
1.718199999999999505e+01 5.523010000000000446e+02
1.919000000000000128e+01 5.529890000000000327e+02
2.120000000000000284e+01 5.537360000000001037e+02
2.322299999999999898e+01 5.546559999999999491e+02
2.524399999999999977e+01 5.557010000000000218e+02
2.725800000000000267e+01 5.564390000000000782e+02
2.925900000000000389e+01 5.576990000000000691e+02
3.125899999999999679e+01 5.587360000000001037e+02
3.327100000000000080e+01 5.598310000000001310e+02
3.529999999999999716e+01 5.612160000000000082e+02
3.730400000000000205e+01 5.624750000000000227e+02
3.932000000000000028e+01 5.638029999999999973e+02
4.133200000000000074e+01 5.648789999999999054e+02
4.334600000000000364e+01 5.661089999999999236e+02
4.535499999999999687e+01 5.672920000000000300e+02
4.736699999999999733e+01 5.682909999999999400e+02
4.937299999999999756e+01 5.693650000000000091e+02
5.139800000000000324e+01 5.703830000000000382e+02
