# time, mean londa
3.040000000000000036e+00 5.480000000000000000e+02
5.110999999999999766e+00 5.476130000000000564e+02
7.120000000000000107e+00 5.480310000000000628e+02
9.133999999999998565e+00 5.476900000000000546e+02
1.115799999999999947e+01 5.480299999999999727e+02
1.317200000000000060e+01 5.485320000000001528e+02
1.517100000000000115e+01 5.491710000000000491e+02
1.718900000000000006e+01 5.497740000000001146e+02
1.919800000000000040e+01 5.507789999999999964e+02
2.121100000000000207e+01 5.524089999999999918e+02
2.322700000000000031e+01 5.537540000000000191e+02
2.523499999999999943e+01 5.555080000000000382e+02
2.725600000000000023e+01 5.571459999999999582e+02
2.926299999999999812e+01 5.587939999999999827e+02
3.128099999999999881e+01 5.606169999999999618e+02
3.329400000000000404e+01 5.624660000000001219e+02
3.532000000000000028e+01 5.640649999999999409e+02
3.732200000000000273e+01 5.658479999999999563e+02
3.931400000000000006e+01 5.674470000000000027e+02
4.133900000000000574e+01 5.691990000000000691e+02
4.335599999999999454e+01 5.707309999999999945e+02
4.537300000000000466e+01 5.719249999999999545e+02
4.737199999999999989e+01 5.731539999999999964e+02
4.938900000000001000e+01 5.742989999999999782e+02
5.140499999999999403e+01 5.752759999999999536e+02
5.341199999999999193e+01 5.763029999999999973e+02
5.543099999999999739e+01 5.772729999999999109e+02
5.743399999999999039e+01 5.781470000000000482e+02
5.945799999999999130e+01 5.792019999999999982e+02
6.147100000000000364e+01 5.800729999999999791e+02
6.348399999999999466e+01 5.809170000000001437e+02
6.548300000000000409e+01 5.819739999999999327e+02
6.749300000000000921e+01 5.827780000000000200e+02
6.951699999999999591e+01 5.835900000000000318e+02
7.152200000000000557e+01 5.843079999999999927e+02
7.353799999999999670e+01 5.851800000000000637e+02
7.556000000000000227e+01 5.856740000000000919e+02
7.756199999999998340e+01 5.860600000000000591e+02
7.957899999999999352e+01 5.863330000000000837e+02
8.159000000000000341e+01 5.868669999999999618e+02
8.360200000000000387e+01 5.874759999999999991e+02
8.563000000000000966e+01 5.878250000000000455e+02
8.761800000000002342e+01 5.885800000000000409e+02
8.963700000000000045e+01 5.891240000000001373e+02
9.164899999999998670e+01 5.892590000000000146e+02
9.366799999999997794e+01 5.897740000000000009e+02
9.567499999999998295e+01 5.899870000000000800e+02
9.768600000000000705e+01 5.905469999999999118e+02
9.969200000000000728e+01 5.907129999999999654e+02
1.017079999999999984e+02 5.911399999999999864e+02
